14 14
0.388 -0.665 -0.668 0.493 -0.148 0.643 -0.083 0.438 0.246 -0.483 0.475 -0.187 0.447 -0.576
1.169 -1.135 0.443 0.094 -0.643 -0.711 -0.413 0.207 0.375 -0.629 0.871 -1.365 0.412 0.476
0.007 -2.081 2.797 0.323 0.483 -0.091 0.605 -1.630 1.146 -1.507 0.210 -0.491 -0.992 0.251
-0.188 0.710 0.928 0.064 0.002 -0.988 1.603 0.264 -0.706 -0.378 -0.733 1.083 0.567 -0.969
-1.550 -2.241 2.341 -0.826 2.571 0.874 0.228 2.102 -1.256 -0.335 1.794 -0.438 1.022 -0.668
0.625 -1.032 0.728 -3.341 3.020 -4.272 2.345 -1.022 1.503 0.161 0.396 -1.254 -0.585 0.777
-0.176 -0.480 0.808 -1.876 -0.624 -2.056 1.073 2.032 -3.731 0.805 -3.343 0.810 -0.289 0.613
0.884 1.962 -0.657 0.603 -0.950 -2.659 1.435 -0.178 -1.577 3.252 -1.416 0.468 -0.533 -1.266
-0.754 0.537 1.880 1.091 1.832 -0.112 1.008 1.404 -3.058 1.195 -1.418 0.729 -0.099 0.048
-0.797 0.691 -1.496 1.022 -0.751 0.400 0.714 2.773 -1.078 3.788 -3.211 0.974 -1.364 0.855
-0.313 -0.910 0.217 -0.095 -0.064 1.502 -1.081 1.078 -0.385 0.461 -1.922 0.589 -0.113 0.408
0.162 0.405 -2.781 -1.157 -1.516 0.063 0.420 0.851 -0.876 1.672 -1.054 2.487 0.026 -0.249
0.387 0.469 0.469 1.004 -0.002 1.288 -1.899 0.842 -0.848 1.144 -0.678 1.096 -0.797 0.642
0.298 0.607 -0.348 -1.247 -0.339 -0.473 -0.156 1.289 -1.165 -0.545 -0.752 0.191 0.528 0.669
